00 35 52 71 45 57 42 32 77 91 49 01 75 33 52 22 01 13 95 02 95 72 97 02 82 54 15 98 38 07 01 31 53 25 65 04 54 21 53 32 92 17 17 31 48 71 66 38 90 51
35 00 75 45 12 22 02 15 71 37 24 90 26 03 84 18 10 21 25 11 23 55 94 37 55 89 15 08 59 79 59 48 87 12 99 73 67 09 02 65 79 92 28 57 45 60 08 24 80 67
52 75 00 10 95 17 46 55 91 95 39 63 03 06 01 60 95 44 77 33 44 75 85 05 01 55 86 60 09 57 76 35 90 63 79 06 60 68 61 57 56 51 33 75 18 12 95 00 60 36
71 45 10 00 16 26 55 43 58 75 32 31 46 54 61 55 81 76 00 48 00 25 73 73 72 88 36 56 40 25 50 01 24 16 62 51 75 71 56 44 44 18 70 92 34 86 64 20 23 66
45 12 95 16 00 77 80 28 98 74 49 51 14 60 39 80 03 34 58 02 87 92 70 41 97 56 34 92 32 19 79 20 87 88 70 41 41 91 20 74 81 47 79 47 66 24 70 83 22 20
57 22 17 26 77 00 22 05 35 66 65 10 69 22 56 38 46 11 79 78 95 46 30 00 75 92 45 31 18 70 93 22 24 05 08 28 47 81 29 40 82 53 26 16 57 29 62 89 73 41
42 02 46 55 80 22 00 57 69 65 32 13 52 53 18 28 05 00 70 95 41 87 16 03 37 55 56 17 98 87 72 63 13 88 91 96 79 77 74 50 01 00 31 28 22 43 39 91 57 88
32 15 55 43 28 05 57 00 98 89 30 04 94 35 83 78 12 28 71 63 54 67 49 15 60 48 52 98 10 35 01 50 51 56 18 07 24 92 31 68 76 81 40 51 17 82 64 56 38 77
77 71 91 58 98 35 69 98 00 15 31 55 47 38 45 46 43 66 92 24 62 27 58 33 46 03 58 20 31 49 72 26 71 30 89 39 49 64 58 50 62 40 84 29 56 06 40 47 10 88
91 37 95 75 74 66 65 89 15 00 07 23 14 19 60 81 48 01 51 51 36 13 09 00 08 68 00 11 82 52 15 45 46 67 55 44 20 46 49 43 76 17 56 48 23 62 29 54 69 02
49 24 39 32 49 65 32 30 31 07 00 08 88 12 88 47 85 02 01 04 13 48 44 03 79 08 62 23 62 63 93 71 72 79 63 79 73 56 06 51 87 06 47 64 59 61 40 28 32 60
01 90 63 31 51 10 13 04 55 23 08 00 28 48 73 51 28 45 87 58 70 39 39 62 74 85 56 40 83 88 73 48 04 56 91 16 09 12 14 71 41 11 41 03 95 81 58 37 81 39
75 26 03 46 14 69 52 94 47 14 88 28 00 05 88 18 26 71 04 79 58 41 12 12 52 55 94 22 59 79 99 25 06 79 64 30 69 51 03 72 93 40 77 81 06 20 10 78 31 73
33 03 06 54 60 22 53 35 38 19 12 48 05 00 06 58 24 31 80 54 69 81 93 33 51 78 73 50 30 77 62 65 87 06 00 20 16 26 95 86 61 99 67 23 00 13 95 48 31 40
52 84 01 61 39 56 18 83 45 60 88 73 88 06 00 29 29 27 85 62 33 24 93 42 60 98 75 08 78 96 77 52 32 00 31 02 50 79 36 69 57 38 20 66 91 58 76 00 29 14
22 18 60 55 80 38 28 78 46 81 47 51 18 58 29 00 79 54 99 00 66 91 43 65 98 75 63 50 35 90 84 17 32 33 42 02 83 41 53 68 94 28 05 35 92 70 80 53 09 51
01 10 95 81 03 46 05 12 43 48 85 28 26 24 29 79 00 02 06 07 96 20 72 51 66 97 64 45 45 82 97 71 70 01 76 76 94 88 87 11 07 77 08 33 00 21 24 48 06 28
13 21 44 76 34 11 00 28 66 01 02 45 71 31 27 54 02 00 70 90 59 38 80 80 75 24 39 52 02 75 86 95 70 26 62 55 98 04 37 44 26 11 73 15 75 33 60 61 84 62
95 25 77 00 58 79 70 71 92 51 01 87 04 80 85 99 06 70 00 97 47 84 48 57 22 34 55 23 36 07 53 89 60 65 49 51 34 62 94 83 77 48 95 89 74 76 32 67 42 02
02 11 33 48 02 78 95 63 24 51 04 58 79 54 62 00 07 90 97 00 39 38 69 44 47 05 33 58 48 69 92 57 09 62 98 04 31 04 79 35 26 46 86 08 22 08 51 97 22 60
95 23 44 00 87 95 41 54 62 36 13 70 58 69 33 66 96 59 47 39 00 84 98 40 62 12 16 71 43 71 87 80 90 86 64 71 50 52 84 27 49 73 82 25 49 28 21 62 01 33
72 55 75 25 92 46 87 67 27 13 48 39 41 81 24 91 20 38 84 38 84 00 65 55 26 35 34 06 34 24 53 74 01 39 95 85 71 42 18 99 52 87 32 05 43 89 16 90 92 82
97 94 85 73 70 30 16 49 58 09 44 39 12 93 93 43 72 80 48 69 98 65 00 49 08 80 39 16 30 07 45 11 11 61 33 79 42 40 87 31 52 99 88 36 93 37 84 16 94 75
02 37 05 73 41 00 03 15 33 00 03 62 12 33 42 65 51 80 57 44 40 55 49 00 62 28 49 72 08 20 38 40 08 59 75 67 68 38 21 30 81 69 90 73 22 83 79 47 95 53
82 55 01 72 97 75 37 60 46 08 79 74 52 51 60 98 66 75 22 47 62 26 08 62 00 74 07 46 64 01 73 35 99 89 69 87 52 24 31 01 50 01 65 11 66 26 84 09 52 17
54 89 55 88 56 92 55 48 03 68 08 85 55 78 98 75 97 24 34 05 12 35 80 28 74 00 65 85 50 79 14 58 63 40 55 34 02 46 55 67 94 45 33 42 29 55 50 12 15 84
15 15 86 36 34 45 56 52 58 00 62 56 94 73 75 63 64 39 55 33 16 34 39 49 07 65 00 26 02 10 82 87 47 08 71 40 70 86 52 74 06 76 88 17 82 65 92 05 97 17
98 08 60 56 92 31 17 98 20 11 23 40 22 50 08 50 45 52 23 58 71 06 16 72 46 85 26 00 34 69 47 94 67 22 81 19 54 10 40 46 19 62 08 89 47 39 24 68 65 08
38 59 09 40 32 18 98 10 31 82 62 83 59 30 78 35 45 02 36 48 43 34 30 08 64 50 02 34 00 73 64 91 23 35 33 82 29 70 10 13 68 98 73 50 92 17 26 77 09 75
07 79 57 25 19 70 87 35 49 52 63 88 79 77 96 90 82 75 07 69 71 24 07 20 01 79 10 69 73 00 31 11 90 81 36 47 30 17 62 19 24 12 19 26 61 09 57 60 86 36
01 59 76 50 79 93 72 01 72 15 93 73 99 62 77 84 97 86 53 92 87 53 45 38 73 14 82 47 64 31 00 08 25 86 87 10 39 78 18 03 49 82 55 92 59 08 83 88 01 67
31 48 35 01 20 22 63 50 26 45 71 48 25 65 52 17 71 95 89 57 80 74 11 40 35 58 87 94 91 11 08 00 12 27 28 44 63 99 52 59 40 03 78 87 94 74 25 84 95 44
53 87 90 24 87 24 13 51 71 46 72 04 06 87 32 32 70 70 60 09 90 01 11 08 99 63 47 67 23 90 25 12 00 17 15 33 98 60 37 69 73 00 95 10 21 51 52 60 46 24
25 12 63 16 88 05 88 56 30 67 79 56 79 06 00 33 01 26 65 62 86 39 61 59 89 40 08 22 35 81 86 27 17 00 27 34 05 47 19 33 52 62 84 41 68 26 50 42 03 31
65 99 79 62 70 08 91 18 89 55 63 91 64 00 31 42 76 62 49 98 64 95 33 75 69 55 71 81 33 36 87 28 15 27 00 70 69 18 75 81 30 56 80 71 69 02 06 32 38 35
04 73 06 51 41 28 96 07 39 44 79 16 30 20 02 02 76 55 51 04 71 85 79 67 87 34 40 19 82 47 10 44 33 34 70 00 23 26 61 35 27 78 98 72 09 17 12 66 25 41
54 67 60 75 41 47 79 24 49 20 73 09 69 16 50 83 94 98 34 31 50 71 42 68 52 02 70 54 29 30 39 63 98 05 69 23 00 48 27 71 29 40 02 11 36 73 17 09 68 20
21 09 68 71 91 81 77 92 64 46 56 12 51 26 79 41 88 04 62 04 52 42 40 38 24 46 86 10 70 17 78 99 60 47 18 26 48 00 30 67 61 12 61 00 37 48 06 22 45 77
53 02 61 56 20 29 74 31 58 49 06 14 03 95 36 53 87 37 94 79 84 18 87 21 31 55 52 40 10 62 18 52 37 19 75 61 27 30 00 94 00 30 93 81 74 03 95 78 72 94
32 65 57 44 74 40 50 68 50 43 51 71 72 86 69 68 11 44 83 35 27 99 31 30 01 67 74 46 13 19 03 59 69 33 81 35 71 67 94 00 04 99 71 59 91 86 40 68 09 46
92 79 56 44 81 82 01 76 62 76 87 41 93 61 57 94 07 26 77 26 49 52 52 81 50 94 06 19 68 24 49 40 73 52 30 27 29 61 00 04 00 51 30 33 68 14 57 58 99 71
17 92 51 18 47 53 00 81 40 17 06 11 40 99 38 28 77 11 48 46 73 87 99 69 01 45 76 62 98 12 82 03 00 62 56 78 40 12 30 99 51 00 54 60 60 73 36 00 35 30
17 28 33 70 79 26 31 40 84 56 47 41 77 67 20 05 08 73 95 86 82 32 88 90 65 33 88 08 73 19 55 78 95 84 80 98 02 61 93 71 30 54 00 77 11 25 33 49 39 63
31 57 75 92 47 16 28 51 29 48 64 03 81 23 66 35 33 15 89 08 25 05 36 73 11 42 17 89 50 26 92 87 10 41 71 72 11 00 81 59 33 60 77 00 32 89 49 82 70 74
48 45 18 34 66 57 22 17 56 23 59 95 06 00 91 92 00 75 74 22 49 43 93 22 66 29 82 47 92 61 59 94 21 68 69 09 36 37 74 91 68 60 11 32 00 98 77 08 42 24
71 60 12 86 24 29 43 82 06 62 61 81 20 13 58 70 21 33 76 08 28 89 37 83 26 55 65 39 17 09 08 74 51 26 02 17 73 48 03 86 14 73 25 89 98 00 92 29 37 81
66 08 95 64 70 62 39 64 40 29 40 58 10 95 76 80 24 60 32 51 21 16 84 79 84 50 92 24 26 57 83 25 52 50 06 12 17 06 95 40 57 36 33 49 77 92 00 05 47 10
38 24 00 20 83 89 91 56 47 54 28 37 78 48 00 53 48 61 67 97 62 90 16 47 09 12 05 68 77 60 88 84 60 42 32 66 09 22 78 68 58 00 49 82 08 29 05 00 23 33
90 80 60 23 22 73 57 38 10 69 32 81 31 31 29 09 06 84 42 22 01 92 94 95 52 15 97 65 09 86 01 95 46 03 38 25 68 45 72 09 99 35 39 70 42 37 47 23 00 10
51 67 36 66 20 41 88 77 88 02 60 39 73 40 14 51 28 62 02 60 33 82 75 53 17 84 17 08 75 36 67 44 24 31 35 41 20 77 94 46 71 30 63 74 24 81 10 33 10 00
